sr,90046,90087,4100,78
sr,90083,90058,2505,96
sr,90077,90053,2404,104
sr,90018,90067,4907,86
sr,90065,90062,309,7
sr,90075,90078,308,9
sr,90049,90048,100,5
sr,90034,90023,1100,18
sr,90038,90087,4903,258
sr,90044,90092,4803,102
sr,90020,90096,7603,155
sr,90005,90080,7508,159
sr,90072,90092,2007,42
sr,90056,90062,602,10
sr,90088,90038,5004,384
sr,90076,90022,5409,257
sr,90063,90062,107,2
sr,90080,90056,2400,42
sr,90027,90056,2909,171
sr,90008,90080,7200,124
sr,90039,90084,4507,100
sr,90077,90006,7109,182
sr,90026,90086,6001,136
sr,90012,90099,8702,280
sr,90083,90059,2405,53
sr,90091,90036,5501,119
sr,90095,90038,5708,124
sr,90027,90012,1503,107
sr,90052,90059,702,13
sr,90042,90056,1400,77
sr,90078,90049,2900,78
sr,90008,90076,6803,128
sr,90030,90048,1800,81
sr,90063,90015,4801,123
sr,90015,90051,3607,66
sr,90049,90012,3702,72
sr,90005,90021,1604,89
sr,90013,90019,607,60
sr,90086,90074,1204,20
sr,90060,90034,2605,173
sr,90061,90040,2103,38
sr,90088,90054,3405,309
sr,90085,90016,6909,246
sr,90000,90026,2605,70
sr,90090,90038,5200,472
sr,90003,90013,1009,42
sr,90052,90083,3105,60
sr,90009,90016,705,15
sr,90063,90044,1909,54
sr,90039,90049,1009,28
sr,90050,90085,3507,159
sr,90029,90082,5307,353
sr,90023,90013,1006,29
sr,90051,90041,1006,33
sr,90080,90017,6306,420
sr,90018,90047,2908,61
sr,90004,90065,6107,234
sr,90023,90056,3309,68
sr,90065,90037,2803,147
sr,90028,90086,5808,223
sr,90006,90019,1305,33
sr,90096,90053,4301,107
sr,90085,90099,1407,78
sr,90073,90095,2207,137
sr,90041,90064,2303,209
sr,90061,90005,5604,280
sr,90010,90038,2805,165
sr,90064,90099,3501,87
sr,90032,90020,1203,23
sr,90084,90060,2401,66
sr,90007,90088,8106,426
sr,90067,90003,6407,145
sr,90006,90013,708,17
sr,90007,90076,6903,406
sr,90024,90004,2009,60
sr,90042,90056,1402,41
sr,90017,90002,1507,57
sr,90025,90004,2101,35
sr,90041,90028,1301,43
sr,90079,90052,2702,87
sr,90003,90020,1706,43
sr,90072,90044,2806,82
sr,90079,90063,1600,84
sr,90045,90064,1907,43
sr,90063,90073,1005,40
sr,90088,90036,5208,226
sr,90015,90055,4005,80
sr,90053,90069,1602,31
sr,90053,90057,402,7
sr,90019,90076,5700,211
sr,90007,90016,906,25
sr,90062,90055,700,12
sr,90050,90091,4108,124
sr,90008,90095,8708,414
sr,90062,90022,4006,102
sr,90010,90006,401,10
sr,90033,90080,4709,313
sr,90066,90066,6,1
sr,90056,90085,2908,153
sr,90050,90072,2200,51
sr,90057,90096,3901,72
sr,90001,90022,2101,77
sr,90055,90099,4402,102
sr,90098,90045,5301,279
sr,90011,90078,6702,167
sr,90050,90092,4203,95
sr,90025,90061,3603,67
sr,90088,90001,8709,207
sr,90050,90069,1904,37
sr,90075,90016,5908,173
sr,90055,90050,503,15
sr,90012,90084,7208,424
sr,90060,90065,500,15
sr,90082,90027,5509,128
sr,90013,90012,107,8
sr,90081,90049,3206,78
sr,90053,90083,3007,54
sr,90056,90034,2207,183
sr,90092,90088,404,7
sr,90075,90090,1503,62
sr,90017,90019,209,5
sr,90024,90024,2,1
sr,90034,90072,3804,67
sr,90089,90041,4803,102
sr,90007,90097,9008,219
sr,90094,90096,205,4
sr,90078,90015,6301,203
sr,90089,90016,7306,260
sr,90089,90034,5505,114
sr,90079,90076,307,7
sr,90016,90013,304,10
sr,90037,90010,2707,270
sr,90043,90048,500,9
sr,90000,90099,9900,300
sr,90093,90097,405,18
sr,90052,90011,4103,195
sr,90057,90058,109,5
sr,90088,90075,1309,81
sr,90027,90078,5108,89
sr,90007,90052,4507,150
sr,90076,90088,1208,60
sr,90005,90010,503,8
sr,90016,90015,103,3
sr,90047,90073,2608,153
sr,90044,90052,809,62
sr,90043,90077,3408,85
sr,90041,90001,4008,190
sr,90068,90047,2102,105
sr,90074,90047,2706,45
sr,90008,90018,1003,83
sr,90051,90005,4606,354
sr,90072,90068,400,6
sr,90025,90055,3001,71
sr,90025,90071,4606,82
sr,90071,90015,5603,155
sr,90056,90018,3808,253
sr,90075,90084,901,36
sr,90000,90068,6809,130
sr,90027,90067,4002,166
sr,90054,90022,3200,320
sr,90091,90089,202,9
sr,90043,90040,309,7
sr,90017,90041,2404,96
sr,90067,90094,2702,47
sr,90062,90009,5302,530
sr,90079,90042,3703,86
sr,90024,90088,6409,114
sr,90075,90024,5103,106
sr,90059,90035,2400,52
sr,90019,90042,2304,65
sr,90065,90031,3404,61
sr,90031,90072,4104,77
sr,90092,90069,2308,88
sr,90017,90082,6502,180
sr,90040,90044,407,14
sr,90049,90026,2306,62
sr,90020,90051,3101,281
sr,90033,90095,6209,188
sr,90024,90013,1101,24
sr,90018,90047,2903,61
sr,90073,90093,2002,37
sr,90075,90034,4108,80
sr,90007,90009,206,9
sr,90027,90094,6704,304
sr,90095,90076,1908,38
sr,90069,90058,1108,38
sr,90072,90067,501,17
sr,90066,90060,603,46
sr,90041,90087,4607,230
sr,90004,90003,106,1
sr,90026,90017,909,60
sr,90093,90014,7901,316
sr,90045,90064,1904,41
sr,90066,90038,2808,87
sr,90027,90086,5905,310
sr,90061,90020,4104,256
sr,90072,90075,309,7
sr,90042,90012,3008,136
sr,90045,90027,1804,72
sr,90016,90017,101,4
sr,90006,90045,3901,69
sr,90010,90049,3900,108
sr,90051,90011,4005,166
sr,90015,90000,1508,32
sr,90022,90043,2109,150
sr,90031,90083,5207,247
sr,90023,90008,1503,35
sr,90070,90070,8,1
sr,90021,90078,5703,438
sr,90089,90052,3708,112
sr,90041,90063,2204,137
sr,90068,90090,2208,38
sr,90002,90041,3904,73
sr,90059,90039,2005,100
sr,90057,90045,1207,24
sr,90044,90062,1801,51
sr,90002,90068,6605,124
sr,90048,90046,206,18
sr,90044,90085,4105,76
sr,90091,90062,2908,58
sr,90008,90084,7607,149
sr,90096,90076,2003,111
sr,90048,90006,4202,135
sr,90081,90027,5407,117
sr,90024,90094,7008,438
sr,90037,90003,3406,309
sr,90063,90042,2103,116
sr,90021,90021,5,1
sr,90025,90057,3201,56
sr,90021,90027,600,16
sr,90014,90091,7707,248
sr,90078,90008,7000,233
sr,90087,90099,1208,92
sr,90098,90037,6103,190
sr,90050,90075,2508,192
sr,90008,90018,1003,91
sr,90045,90051,603,27
sr,90015,90070,5503,94
sr,90002,90014,1203,75
sr,90081,90068,1300,46
sr,90074,90091,1708,106
sr,90077,90032,4508,83
sr,90057,90084,2701,245
sr,90073,90030,4307,89
sr,90060,90039,2106,65
sr,90027,90032,504,9
sr,90058,90040,1801,58
sr,90035,90094,5906,109
sr,90057,90045,1205,46
sr,90067,90002,6509,127
sr,90024,90011,1303,22
sr,90082,90099,1708,81
sr,90011,90024,1305,76
sr,90079,90011,6802,161
sr,90084,90084,5,1
sr,90055,90076,2102,41
sr,90073,90070,309,6
sr,90079,90050,2908,121
sr,90058,90080,2203,75
sr,90045,90010,3501,233
sr,90071,90022,4909,288
sr,90094,90057,3705,247
sr,90060,90051,900,26
sr,90003,90088,8505,149
sr,90066,90070,403,9
sr,90051,90097,4600,109
sr,90029,90015,1403,46
sr,90077,90019,5808,138
sr,90012,90037,2509,228
sr,90068,90075,706,35
sr,90005,90049,4408,84
sr,90075,90040,3506,71
sr,90078,90097,1900,39
sr,90024,90060,3605,120
sr,90024,90033,903,69
sr,90009,90002,700,20
sr,90018,90009,906,16
sr,90062,90032,3003,68
sr,90066,90090,2407,63
sr,90044,90031,1304,81
sr,90083,90046,3708,77
sr,90033,90008,2508,100
sr,90074,90019,5505,458
sr,90080,90059,2105,46
sr,90052,90056,401,9
sr,90058,90081,2309,67
sr,90023,90074,5101,137
sr,90027,90016,1101,100
sr,90019,90082,6309,121
sr,90062,90079,1707,35
sr,90037,90063,2602,49
sr,90023,90073,5002,227
sr,90014,90089,7503,234
sr,90066,90050,1602,32
sr,90056,90060,403,20
sr,90052,90096,4405,100
sr,90014,90061,4707,123
sr,90064,90022,4207,155
sr,90091,90001,9002,281
sr,90025,90098,7303,178
sr,90078,90046,3207,89
sr,90082,90031,5104,92
sr,90065,90087,2200,66
sr,90023,90017,601,23
sr,90088,90075,1302,26
sr,90006,90069,6302,185
sr,90007,90018,1102,19
sr,90019,90019,6,1
sr,90091,90086,502,18
sr,90075,90024,5109,464
sr,90066,90096,3001,214
sr,90017,90002,1504,30
sr,90018,90047,2909,93
sr,90073,90041,3209,68
sr,90045,90004,4103,70
sr,90070,90037,3307,103
sr,90016,90023,707,18
sr,90097,90093,404,31
sr,90069,90095,2601,52
sr,90092,90049,4306,87
sr,90071,90046,2501,166
sr,90089,90085,408,8
sr,90028,90021,700,12
sr,90071,90025,4601,83
sr,90027,90076,4908,100
sr,90005,90086,8101,218
sr,90088,90038,5008,227
sr,90088,90094,605,11
sr,90076,90003,7302,149
sr,90014,90052,3806,135
sr,90025,90036,1105,29
sr,90074,90039,3506,318
sr,90066,90063,308,8
sr,90035,90039,409,6
sr,90027,90083,5609,467
sr,90010,90010,5,1
sr,90096,90073,2301,52
sr,90067,90039,2807,187
sr,90073,90003,7004,368
sr,90036,90020,1601,84
sr,90012,90093,8106,180
sr,90017,90022,506,16
sr,90017,90061,4403,110
sr,90099,90060,3909,75
sr,90031,90062,3105,54
sr,90009,90080,7108,148
sr,90098,90059,3901,229
sr,90071,90046,2504,65
sr,90080,90061,1903,146
sr,90005,90063,5805,98
sr,90001,90017,1606,107
sr,90003,90048,4501,107
sr,90058,90092,3404,200
sr,90025,90021,403,8
sr,90016,90043,2707,84
sr,90094,90010,8408,191
sr,90010,90064,5408,159
sr,90034,90027,706,15
sr,90079,90046,3309,57
sr,90007,90065,5807,105
sr,90021,90096,7508,288
sr,90019,90036,1709,63
sr,90075,90006,6900,246
sr,90055,90021,3400,68
sr,90038,90055,1700,43
sr,90072,90038,3407,61
sr,90007,90002,508,8
sr,90008,90061,5302,151
sr,90000,90086,8601,145
sr,90044,90032,1201,26
sr,90082,90060,2200,110
sr,90014,90036,2205,137
sr,90021,90072,5105,319
sr,90042,90093,5106,212
sr,90049,90029,2004,47
sr,90078,90042,3608,164
sr,90063,90045,1801,64
sr,90094,90025,6901,328
sr,90062,90084,2205,105
sr,90093,90011,8209,141
sr,90010,90007,300,20
sr,90037,90030,705,24
sr,90048,90013,3508,318
sr,90087,90044,4308,430
sr,90030,90029,103,2
sr,90009,90086,7707,171
sr,90096,90038,5802,362
sr,90044,90008,3601,225
sr,90053,90072,1906,95
sr,90026,90020,603,14
sr,90090,90017,7307,347
sr,90068,90064,404,8
sr,90009,90033,2409,80
sr,90084,90007,7700,385
sr,90082,90071,1102,22
sr,90015,90077,6209,365
sr,90003,90093,9006,310
sr,90045,90099,5409,200
sr,90076,90034,4207,155
sr,90068,90081,1307,130
sr,90091,90003,8800,195
sr,90022,90042,2009,45
sr,90065,90020,4506,79
sr,90094,90043,5102,102
sr,90087,90044,4305,100
sr,90099,90080,1907,57
sr,90080,90095,1502,65
sr,90064,90042,2201,220
sr,90087,90048,3900,134
sr,90069,90041,2809,280
sr,90033,90052,1904,50
sr,90053,90056,302,5
sr,90035,90002,3304,110
sr,90092,90039,5304,189
sr,90058,90070,1206,52
sr,90002,90067,6505,162
sr,90079,90091,1200,41
sr,90086,90033,5306,143
sr,90046,90059,1307,93
sr,90029,90039,1005,21
sr,90015,90006,903,41
sr,90089,90083,602,23
sr,90060,90018,4208,87
sr,90062,90088,2602,56
sr,90011,90085,7409,185
sr,90021,90093,7200,153
sr,90071,90064,707,20
sr,90012,90076,6401,112
sr,90040,90035,501,27
sr,90026,90040,1401,42
sr,90095,90030,6502,240
sr,90039,90045,606,11
sr,90021,90091,7005,269
sr,90040,90093,5308,196
sr,90079,90065,1404,41
sr,90053,90018,3502,100
sr,90015,90044,2900,207
sr,90093,90095,204,3
sr,90038,90066,2801,50
sr,90008,90087,7902,303
sr,90024,90054,3000,214
sr,90002,90073,7103,177
sr,90046,90072,2608,81